{
 "cells": [
  {
   "cell_type": "code",
   "execution_count": null,
   "id": "0835f507",
   "metadata": {},
   "outputs": [],
   "source": []
  },
  {
   "cell_type": "code",
   "execution_count": 5,
   "id": "376cc57c",
   "metadata": {},
   "outputs": [
    {
     "name": "stdout",
     "output_type": "stream",
     "text": [
      "(649, 33)\n",
      "school\n",
      "sex\n",
      "age\n",
      "address\n",
      "famsize\n",
      "Pstatus\n",
      "Medu\n",
      "Fedu\n",
      "Mjob\n",
      "Fjob\n",
      "reason\n",
      "guardian\n",
      "traveltime\n",
      "studytime\n",
      "failures\n",
      "schoolsup\n",
      "famsup\n",
      "paid\n",
      "activities\n",
      "nursery\n",
      "higher\n",
      "internet\n",
      "romantic\n",
      "famrel\n",
      "freetime\n",
      "goout\n",
      "Dalc\n",
      "Walc\n",
      "health\n",
      "absences\n",
      "G1\n",
      "G2\n",
      "G3\n",
      "0      4\n",
      "1      5\n",
      "2      4\n",
      "3      3\n",
      "4      4\n",
      "      ..\n",
      "644    5\n",
      "645    4\n",
      "646    1\n",
      "647    2\n",
      "648    4\n",
      "Name: famrel, Length: 649, dtype: int64\n"
     ]
    }
   ],
   "source": [
    "import pandas as pd\n",
    "import numpy as np\n",
    "import matplotlib\n",
    "from matplotlib import pylab as plt\n",
    "df = pd.read_csv('student-por.csv', sep = ';')\n",
    "convert_dict = {'school': str,\n",
    "                'sex': str,\n",
    "                'address': str,\n",
    "\n",
    "                'famsize': str,\n",
    "\n",
    "                'Pstatus': str,\n",
    "\n",
    "                'Mjob': str,\n",
    "\n",
    "                'Fjob': str,\n",
    "                'reason': str,\n",
    "\n",
    "                'guardian': str,\n",
    "\n",
    "                'schoolsup': str,\n",
    "\n",
    "                'famsup': str,\n",
    "\n",
    "                'activities': str,\n",
    "\n",
    "                'nursery': str,\n",
    "\n",
    "                'higher': str,\n",
    "\n",
    "                'internet': str,\n",
    "\n",
    "                'romantic': str,\n",
    "                \n",
    "                }\n",
    "print(df.shape)\n",
    "df = df.astype(convert_dict)\n",
    "for col in df.columns:\n",
    "    #print(df[col].unique())\n",
    "    print(col)\n",
    "    #print(df[col].dtype)\n",
    "\n",
    "\n",
    "df = df.replace(r'^\\s*$', np.nan, regex=True)\n",
    "print(df['famrel'])"
   ]
  },
  {
   "cell_type": "code",
   "execution_count": 7,
   "id": "f19a7e90",
   "metadata": {},
   "outputs": [
    {
     "data": {
      "application/vnd.plotly.v1+json": {
       "config": {
        "plotlyServerURL": "https://plot.ly"
       },
       "data": [
        {
         "coloraxis": "coloraxis",
         "hovertemplate": "x: %{x}<br>y: %{y}<br>color: %{z}<extra></extra>",
         "name": "0",
         "texttemplate": "%{z}",
         "type": "heatmap",
         "x": [
          "age",
          "Medu",
          "Fedu",
          "traveltime",
          "studytime",
          "failures",
          "famrel",
          "freetime",
          "goout",
          "Dalc",
          "Walc",
          "health",
          "absences",
          "G1",
          "G2",
          "G3"
         ],
         "xaxis": "x",
         "y": [
          "age",
          "Medu",
          "Fedu",
          "traveltime",
          "studytime",
          "failures",
          "famrel",
          "freetime",
          "goout",
          "Dalc",
          "Walc",
          "health",
          "absences",
          "G1",
          "G2",
          "G3"
         ],
         "yaxis": "y",
         "z": [
          [
           1,
           -0.1078318216832872,
           -0.12105049703353692,
           0.034490019571124936,
           -0.008415114730320307,
           0.3199679477700505,
           -0.020559455040341453,
           -0.004910259188824061,
           0.11280462078676545,
           0.13476826838640513,
           0.08635734514165765,
           -0.00875011713000706,
           0.14999819003988474,
           -0.17432223952760748,
           -0.10711907881607756,
           -0.10650539063847737
          ],
          [
           -0.1078318216832872,
           1,
           0.6474766091364943,
           -0.2650790028065538,
           0.09700583290488128,
           -0.17221028727762067,
           0.024420573121111563,
           -0.019686298242808004,
           0.009536493875243064,
           -0.0070183190518088925,
           -0.019765785774759535,
           0.00461405599903089,
           -0.00857749477554601,
           0.2604722895652321,
           0.26403529969541156,
           0.2401507565735952
          ],
          [
           -0.12105049703353692,
           0.6474766091364943,
           1,
           -0.20828797848977137,
           0.05039964766444921,
           -0.16591500535547477,
           0.020255884809253763,
           0.006840631040532665,
           0.027689742855497433,
           6.077489938230401e-05,
           0.03844470026524229,
           0.04490978841531237,
           0.029858663975560834,
           0.2175006506475231,
           0.2251389296521709,
           0.2117996791144517
          ],
          [
           0.034490019571124936,
           -0.2650790028065538,
           -0.20828797848977137,
           1,
           -0.0631539042461471,
           0.09772975012846269,
           -0.009521184519664553,
           0.0009367341272307849,
           0.05745419566943,
           0.09282428355692025,
           0.05700717799788846,
           -0.04826120642527853,
           -0.008149087354862115,
           -0.15411962111281532,
           -0.15448887058863828,
           -0.12717296675842088
          ],
          [
           -0.008415114730320307,
           0.09700583290488128,
           0.05039964766444921,
           -0.0631539042461471,
           1,
           -0.14744054515158297,
           -0.004127129214112034,
           -0.0688292221808394,
           -0.07544221085456852,
           -0.13758473944246938,
           -0.214925104526826,
           -0.056432693511126106,
           -0.11838937011024397,
           0.26087538031319,
           0.24049799907999117,
           0.24978868999886306
          ],
          [
           0.3199679477700505,
           -0.17221028727762067,
           -0.16591500535547477,
           0.09772975012846269,
           -0.14744054515158297,
           1,
           -0.06264516268418756,
           0.10899462179242313,
           0.04507777595307839,
           0.10594909220788185,
           0.0822662646923068,
           0.03558821278366823,
           0.12277883526082042,
           -0.3842104760044189,
           -0.3857822152318819,
           -0.39331554804199254
          ],
          [
           -0.020559455040341453,
           0.024420573121111563,
           0.020255884809253763,
           -0.009521184519664553,
           -0.004127129214112034,
           -0.06264516268418756,
           1,
           0.12921567655885208,
           0.08970656912926568,
           -0.07576722502380889,
           -0.09351080600009941,
           0.10955921666418504,
           -0.08953365432972477,
           0.04879460349123013,
           0.08958778299759286,
           0.06336112772983052
          ],
          [
           -0.004910259188824061,
           -0.019686298242808004,
           0.006840631040532665,
           0.0009367341272307849,
           -0.0688292221808394,
           0.10899462179242313,
           0.12921567655885208,
           1,
           0.34635178804693684,
           0.10990355938003123,
           0.1202438806988557,
           0.08452642601918962,
           -0.018716028242381316,
           -0.09449660588180092,
           -0.10667792651255598,
           -0.1227049258336979
          ],
          [
           0.11280462078676545,
           0.009536493875243064,
           0.027689742855497433,
           0.05745419566943,
           -0.07544221085456852,
           0.04507777595307839,
           0.08970656912926568,
           0.34635178804693684,
           1,
           0.24512598855543802,
           0.3886797612064949,
           -0.015741131042270737,
           0.08537382666952786,
           -0.07405263312184847,
           -0.0794691939728882,
           -0.08764072272424255
          ],
          [
           0.13476826838640513,
           -0.0070183190518088925,
           6.077489938230401e-05,
           0.09282428355692025,
           -0.13758473944246938,
           0.10594909220788185,
           -0.07576722502380889,
           0.10990355938003123,
           0.24512598855543802,
           1,
           0.6165613820643421,
           0.05906745767562432,
           0.17295249104524638,
           -0.19517093419289136,
           -0.1894799351577371,
           -0.20471939724815694
          ],
          [
           0.08635734514165765,
           -0.019765785774759535,
           0.03844470026524229,
           0.05700717799788846,
           -0.214925104526826,
           0.0822662646923068,
           -0.09351080600009941,
           0.1202438806988557,
           0.3886797612064949,
           0.6165613820643421,
           1,
           0.11498797166707767,
           0.15637296952175425,
           -0.15564948637866224,
           -0.1648521867672083,
           -0.1766188742096644
          ],
          [
           -0.00875011713000706,
           0.00461405599903089,
           0.04490978841531237,
           -0.04826120642527853,
           -0.056432693511126106,
           0.03558821278366823,
           0.10955921666418504,
           0.08452642601918962,
           -0.015741131042270737,
           0.05906745767562432,
           0.11498797166707767,
           1,
           -0.03023486448840083,
           -0.051647415072846516,
           -0.08217908362558932,
           -0.09885124139431797
          ],
          [
           0.14999819003988474,
           -0.00857749477554601,
           0.029858663975560834,
           -0.008149087354862115,
           -0.11838937011024397,
           0.12277883526082042,
           -0.08953365432972477,
           -0.018716028242381316,
           0.08537382666952786,
           0.17295249104524638,
           0.15637296952175425,
           -0.03023486448840083,
           1,
           -0.1471492417639848,
           -0.12474493347142758,
           -0.09137905643875596
          ],
          [
           -0.17432223952760748,
           0.2604722895652321,
           0.2175006506475231,
           -0.15411962111281532,
           0.26087538031319,
           -0.3842104760044189,
           0.04879460349123013,
           -0.09449660588180092,
           -0.07405263312184847,
           -0.19517093419289136,
           -0.15564948637866224,
           -0.051647415072846516,
           -0.1471492417639848,
           1,
           0.8649816303085824,
           0.8263871247890486
          ],
          [
           -0.10711907881607756,
           0.26403529969541156,
           0.2251389296521709,
           -0.15448887058863828,
           0.24049799907999117,
           -0.3857822152318819,
           0.08958778299759286,
           -0.10667792651255598,
           -0.0794691939728882,
           -0.1894799351577371,
           -0.1648521867672083,
           -0.08217908362558932,
           -0.12474493347142758,
           0.8649816303085824,
           1,
           0.9185480035603523
          ],
          [
           -0.10650539063847737,
           0.2401507565735952,
           0.2117996791144517,
           -0.12717296675842088,
           0.24978868999886306,
           -0.39331554804199254,
           0.06336112772983052,
           -0.1227049258336979,
           -0.08764072272424255,
           -0.20471939724815694,
           -0.1766188742096644,
           -0.09885124139431797,
           -0.09137905643875596,
           0.8263871247890486,
           0.9185480035603523,
           1
          ]
         ]
        }
       ],
       "layout": {
        "coloraxis": {
         "cmax": 1,
         "cmin": -1,
         "colorscale": [
          [
           0,
           "#0d0887"
          ],
          [
           0.1111111111111111,
           "#46039f"
          ],
          [
           0.2222222222222222,
           "#7201a8"
          ],
          [
           0.3333333333333333,
           "#9c179e"
          ],
          [
           0.4444444444444444,
           "#bd3786"
          ],
          [
           0.5555555555555556,
           "#d8576b"
          ],
          [
           0.6666666666666666,
           "#ed7953"
          ],
          [
           0.7777777777777778,
           "#fb9f3a"
          ],
          [
           0.8888888888888888,
           "#fdca26"
          ],
          [
           1,
           "#f0f921"
          ]
         ]
        },
        "margin": {
         "t": 60
        },
        "template": {
         "data": {
          "bar": [
           {
            "error_x": {
             "color": "#2a3f5f"
            },
            "error_y": {
             "color": "#2a3f5f"
            },
            "marker": {
             "line": {
              "color": "#E5ECF6",
              "width": 0.5
             },
             "pattern": {
              "fillmode": "overlay",
              "size": 10,
              "solidity": 0.2
             }
            },
            "type": "bar"
           }
          ],
          "barpolar": [
           {
            "marker": {
             "line": {
              "color": "#E5ECF6",
              "width": 0.5
             },
             "pattern": {
              "fillmode": "overlay",
              "size": 10,
              "solidity": 0.2
             }
            },
            "type": "barpolar"
           }
          ],
          "carpet": [
           {
            "aaxis": {
             "endlinecolor": "#2a3f5f",
             "gridcolor": "white",
             "linecolor": "white",
             "minorgridcolor": "white",
             "startlinecolor": "#2a3f5f"
            },
            "baxis": {
             "endlinecolor": "#2a3f5f",
             "gridcolor": "white",
             "linecolor": "white",
             "minorgridcolor": "white",
             "startlinecolor": "#2a3f5f"
            },
            "type": "carpet"
           }
          ],
          "choropleth": [
           {
            "colorbar": {
             "outlinewidth": 0,
             "ticks": ""
            },
            "type": "choropleth"
           }
          ],
          "contour": [
           {
            "colorbar": {
             "outlinewidth": 0,
             "ticks": ""
            },
            "colorscale": [
             [
              0,
              "#0d0887"
             ],
             [
              0.1111111111111111,
              "#46039f"
             ],
             [
              0.2222222222222222,
              "#7201a8"
             ],
             [
              0.3333333333333333,
              "#9c179e"
             ],
             [
              0.4444444444444444,
              "#bd3786"
             ],
             [
              0.5555555555555556,
              "#d8576b"
             ],
             [
              0.6666666666666666,
              "#ed7953"
             ],
             [
              0.7777777777777778,
              "#fb9f3a"
             ],
             [
              0.8888888888888888,
              "#fdca26"
             ],
             [
              1,
              "#f0f921"
             ]
            ],
            "type": "contour"
           }
          ],
          "contourcarpet": [
           {
            "colorbar": {
             "outlinewidth": 0,
             "ticks": ""
            },
            "type": "contourcarpet"
           }
          ],
          "heatmap": [
           {
            "colorbar": {
             "outlinewidth": 0,
             "ticks": ""
            },
            "colorscale": [
             [
              0,
              "#0d0887"
             ],
             [
              0.1111111111111111,
              "#46039f"
             ],
             [
              0.2222222222222222,
              "#7201a8"
             ],
             [
              0.3333333333333333,
              "#9c179e"
             ],
             [
              0.4444444444444444,
              "#bd3786"
             ],
             [
              0.5555555555555556,
              "#d8576b"
             ],
             [
              0.6666666666666666,
              "#ed7953"
             ],
             [
              0.7777777777777778,
              "#fb9f3a"
             ],
             [
              0.8888888888888888,
              "#fdca26"
             ],
             [
              1,
              "#f0f921"
             ]
            ],
            "type": "heatmap"
           }
          ],
          "heatmapgl": [
           {
            "colorbar": {
             "outlinewidth": 0,
             "ticks": ""
            },
            "colorscale": [
             [
              0,
              "#0d0887"
             ],
             [
              0.1111111111111111,
              "#46039f"
             ],
             [
              0.2222222222222222,
              "#7201a8"
             ],
             [
              0.3333333333333333,
              "#9c179e"
             ],
             [
              0.4444444444444444,
              "#bd3786"
             ],
             [
              0.5555555555555556,
              "#d8576b"
             ],
             [
              0.6666666666666666,
              "#ed7953"
             ],
             [
              0.7777777777777778,
              "#fb9f3a"
             ],
             [
              0.8888888888888888,
              "#fdca26"
             ],
             [
              1,
              "#f0f921"
             ]
            ],
            "type": "heatmapgl"
           }
          ],
          "histogram": [
           {
            "marker": {
             "pattern": {
              "fillmode": "overlay",
              "size": 10,
              "solidity": 0.2
             }
            },
            "type": "histogram"
           }
          ],
          "histogram2d": [
           {
            "colorbar": {
             "outlinewidth": 0,
             "ticks": ""
            },
            "colorscale": [
             [
              0,
              "#0d0887"
             ],
             [
              0.1111111111111111,
              "#46039f"
             ],
             [
              0.2222222222222222,
              "#7201a8"
             ],
             [
              0.3333333333333333,
              "#9c179e"
             ],
             [
              0.4444444444444444,
              "#bd3786"
             ],
             [
              0.5555555555555556,
              "#d8576b"
             ],
             [
              0.6666666666666666,
              "#ed7953"
             ],
             [
              0.7777777777777778,
              "#fb9f3a"
             ],
             [
              0.8888888888888888,
              "#fdca26"
             ],
             [
              1,
              "#f0f921"
             ]
            ],
            "type": "histogram2d"
           }
          ],
          "histogram2dcontour": [
           {
            "colorbar": {
             "outlinewidth": 0,
             "ticks": ""
            },
            "colorscale": [
             [
              0,
              "#0d0887"
             ],
             [
              0.1111111111111111,
              "#46039f"
             ],
             [
              0.2222222222222222,
              "#7201a8"
             ],
             [
              0.3333333333333333,
              "#9c179e"
             ],
             [
              0.4444444444444444,
              "#bd3786"
             ],
             [
              0.5555555555555556,
              "#d8576b"
             ],
             [
              0.6666666666666666,
              "#ed7953"
             ],
             [
              0.7777777777777778,
              "#fb9f3a"
             ],
             [
              0.8888888888888888,
              "#fdca26"
             ],
             [
              1,
              "#f0f921"
             ]
            ],
            "type": "histogram2dcontour"
           }
          ],
          "mesh3d": [
           {
            "colorbar": {
             "outlinewidth": 0,
             "ticks": ""
            },
            "type": "mesh3d"
           }
          ],
          "parcoords": [
           {
            "line": {
             "colorbar": {
              "outlinewidth": 0,
              "ticks": ""
             }
            },
            "type": "parcoords"
           }
          ],
          "pie": [
           {
            "automargin": true,
            "type": "pie"
           }
          ],
          "scatter": [
           {
            "fillpattern": {
             "fillmode": "overlay",
             "size": 10,
             "solidity": 0.2
            },
            "type": "scatter"
           }
          ],
          "scatter3d": [
           {
            "line": {
             "colorbar": {
              "outlinewidth": 0,
              "ticks": ""
             }
            },
            "marker": {
             "colorbar": {
              "outlinewidth": 0,
              "ticks": ""
             }
            },
            "type": "scatter3d"
           }
          ],
          "scattercarpet": [
           {
            "marker": {
             "colorbar": {
              "outlinewidth": 0,
              "ticks": ""
             }
            },
            "type": "scattercarpet"
           }
          ],
          "scattergeo": [
           {
            "marker": {
             "colorbar": {
              "outlinewidth": 0,
              "ticks": ""
             }
            },
            "type": "scattergeo"
           }
          ],
          "scattergl": [
           {
            "marker": {
             "colorbar": {
              "outlinewidth": 0,
              "ticks": ""
             }
            },
            "type": "scattergl"
           }
          ],
          "scattermapbox": [
           {
            "marker": {
             "colorbar": {
              "outlinewidth": 0,
              "ticks": ""
             }
            },
            "type": "scattermapbox"
           }
          ],
          "scatterpolar": [
           {
            "marker": {
             "colorbar": {
              "outlinewidth": 0,
              "ticks": ""
             }
            },
            "type": "scatterpolar"
           }
          ],
          "scatterpolargl": [
           {
            "marker": {
             "colorbar": {
              "outlinewidth": 0,
              "ticks": ""
             }
            },
            "type": "scatterpolargl"
           }
          ],
          "scatterternary": [
           {
            "marker": {
             "colorbar": {
              "outlinewidth": 0,
              "ticks": ""
             }
            },
            "type": "scatterternary"
           }
          ],
          "surface": [
           {
            "colorbar": {
             "outlinewidth": 0,
             "ticks": ""
            },
            "colorscale": [
             [
              0,
              "#0d0887"
             ],
             [
              0.1111111111111111,
              "#46039f"
             ],
             [
              0.2222222222222222,
              "#7201a8"
             ],
             [
              0.3333333333333333,
              "#9c179e"
             ],
             [
              0.4444444444444444,
              "#bd3786"
             ],
             [
              0.5555555555555556,
              "#d8576b"
             ],
             [
              0.6666666666666666,
              "#ed7953"
             ],
             [
              0.7777777777777778,
              "#fb9f3a"
             ],
             [
              0.8888888888888888,
              "#fdca26"
             ],
             [
              1,
              "#f0f921"
             ]
            ],
            "type": "surface"
           }
          ],
          "table": [
           {
            "cells": {
             "fill": {
              "color": "#EBF0F8"
             },
             "line": {
              "color": "white"
             }
            },
            "header": {
             "fill": {
              "color": "#C8D4E3"
             },
             "line": {
              "color": "white"
             }
            },
            "type": "table"
           }
          ]
         },
         "layout": {
          "annotationdefaults": {
           "arrowcolor": "#2a3f5f",
           "arrowhead": 0,
           "arrowwidth": 1
          },
          "autotypenumbers": "strict",
          "coloraxis": {
           "colorbar": {
            "outlinewidth": 0,
            "ticks": ""
           }
          },
          "colorscale": {
           "diverging": [
            [
             0,
             "#8e0152"
            ],
            [
             0.1,
             "#c51b7d"
            ],
            [
             0.2,
             "#de77ae"
            ],
            [
             0.3,
             "#f1b6da"
            ],
            [
             0.4,
             "#fde0ef"
            ],
            [
             0.5,
             "#f7f7f7"
            ],
            [
             0.6,
             "#e6f5d0"
            ],
            [
             0.7,
             "#b8e186"
            ],
            [
             0.8,
             "#7fbc41"
            ],
            [
             0.9,
             "#4d9221"
            ],
            [
             1,
             "#276419"
            ]
           ],
           "sequential": [
            [
             0,
             "#0d0887"
            ],
            [
             0.1111111111111111,
             "#46039f"
            ],
            [
             0.2222222222222222,
             "#7201a8"
            ],
            [
             0.3333333333333333,
             "#9c179e"
            ],
            [
             0.4444444444444444,
             "#bd3786"
            ],
            [
             0.5555555555555556,
             "#d8576b"
            ],
            [
             0.6666666666666666,
             "#ed7953"
            ],
            [
             0.7777777777777778,
             "#fb9f3a"
            ],
            [
             0.8888888888888888,
             "#fdca26"
            ],
            [
             1,
             "#f0f921"
            ]
           ],
           "sequentialminus": [
            [
             0,
             "#0d0887"
            ],
            [
             0.1111111111111111,
             "#46039f"
            ],
            [
             0.2222222222222222,
             "#7201a8"
            ],
            [
             0.3333333333333333,
             "#9c179e"
            ],
            [
             0.4444444444444444,
             "#bd3786"
            ],
            [
             0.5555555555555556,
             "#d8576b"
            ],
            [
             0.6666666666666666,
             "#ed7953"
            ],
            [
             0.7777777777777778,
             "#fb9f3a"
            ],
            [
             0.8888888888888888,
             "#fdca26"
            ],
            [
             1,
             "#f0f921"
            ]
           ]
          },
          "colorway": [
           "#636efa",
           "#EF553B",
           "#00cc96",
           "#ab63fa",
           "#FFA15A",
           "#19d3f3",
           "#FF6692",
           "#B6E880",
           "#FF97FF",
           "#FECB52"
          ],
          "font": {
           "color": "#2a3f5f"
          },
          "geo": {
           "bgcolor": "white",
           "lakecolor": "white",
           "landcolor": "#E5ECF6",
           "showlakes": true,
           "showland": true,
           "subunitcolor": "white"
          },
          "hoverlabel": {
           "align": "left"
          },
          "hovermode": "closest",
          "mapbox": {
           "style": "light"
          },
          "paper_bgcolor": "white",
          "plot_bgcolor": "#E5ECF6",
          "polar": {
           "angularaxis": {
            "gridcolor": "white",
            "linecolor": "white",
            "ticks": ""
           },
           "bgcolor": "#E5ECF6",
           "radialaxis": {
            "gridcolor": "white",
            "linecolor": "white",
            "ticks": ""
           }
          },
          "scene": {
           "xaxis": {
            "backgroundcolor": "#E5ECF6",
            "gridcolor": "white",
            "gridwidth": 2,
            "linecolor": "white",
            "showbackground": true,
            "ticks": "",
            "zerolinecolor": "white"
           },
           "yaxis": {
            "backgroundcolor": "#E5ECF6",
            "gridcolor": "white",
            "gridwidth": 2,
            "linecolor": "white",
            "showbackground": true,
            "ticks": "",
            "zerolinecolor": "white"
           },
           "zaxis": {
            "backgroundcolor": "#E5ECF6",
            "gridcolor": "white",
            "gridwidth": 2,
            "linecolor": "white",
            "showbackground": true,
            "ticks": "",
            "zerolinecolor": "white"
           }
          },
          "shapedefaults": {
           "line": {
            "color": "#2a3f5f"
           }
          },
          "ternary": {
           "aaxis": {
            "gridcolor": "white",
            "linecolor": "white",
            "ticks": ""
           },
           "baxis": {
            "gridcolor": "white",
            "linecolor": "white",
            "ticks": ""
           },
           "bgcolor": "#E5ECF6",
           "caxis": {
            "gridcolor": "white",
            "linecolor": "white",
            "ticks": ""
           }
          },
          "title": {
           "x": 0.05
          },
          "xaxis": {
           "automargin": true,
           "gridcolor": "white",
           "linecolor": "white",
           "ticks": "",
           "title": {
            "standoff": 15
           },
           "zerolinecolor": "white",
           "zerolinewidth": 2
          },
          "yaxis": {
           "automargin": true,
           "gridcolor": "white",
           "linecolor": "white",
           "ticks": "",
           "title": {
            "standoff": 15
           },
           "zerolinecolor": "white",
           "zerolinewidth": 2
          }
         }
        },
        "xaxis": {
         "anchor": "y",
         "domain": [
          0,
          1
         ]
        },
        "yaxis": {
         "anchor": "x",
         "autorange": "reversed",
         "domain": [
          0,
          1
         ]
        }
       }
      },
      "text/html": [
